$ANSIBLE_VAULT;1.1;AES256
63326434636433326632303439376634316435663461323232363933613439333662623935373262
3862303361633866656464616164323238373033613563380a636464383761653339303862393262
62373937633836303263363862336637363636353735393061326334303630396333333966316536
3666623961373430380a373637386238616163316437363663343331356464353461396364316336
33623135383133646462316630613834373434343036663064613330626236613232343238643134
66313435323639333934363065333865383330393437333566336134333530303866633330633666
39663762306134333339303731656437383631653862303661363337623831633666343132646266
65343235333835376238383634616630643039363336633065656563643832313232663830373834
37303165633365653835363539636666393462653332633033326533663734336635303638666337
32663164383834316536373363346331396536636238326133323264623766633062393539356531
63333936633161636435666434333836373037333933636562343834633931616233393936373331
32663336306131643665326436623735353631343331333861636463366437643363626239323332
33623031316439353035363430646362616434303036633536656634373133383234
