$ANSIBLE_VAULT;1.1;AES256
31303665316335326365653935623535643661326466383739336662393935306235376631313733
3635303236326433663062613933343465336631313037630a646166343036373666626336313333
32333663386563363235653934343865323432383866396164636464396436363137326330323438
6239333662666461390a373635393139633966383834633838373132613062663561343131653731
62663066393831643432353232383734653866666661393838616562353637333932356231626639
62343862393262386464313465633166656464333337373735346634303361336632636263336333
30656637373163623138636238666564313163373635306131313766326537363838636233636138
66363438346333353839366637356331663131333639623432326663363961333464623263666637
32663861646535303730346339393031633033383262396566373032333830613139356139613534
32643865376130323866376363333236646564396236613435363636393536363937313762396634
35346665393934616634393464653862656562343633313666303239343266346330333033643662
66616233393732313132316331303437646661373338373133346363613134383461343736616165
64366561653431323561346265303533623439613664616639396231373036366632383266666161
36616330653333323837663633373637313666376432316635323837623930613738646530366566
30353739653665396663386261313061336463336433393865343536316133653131656263653165
36623761636534643738306230626537333435613966623662626661333836613038643934623464
32306530613461313766306564323336366166343663633063343735363731616164333730656439
3765356136346630343563313663356132633031353335666164
