$ANSIBLE_VAULT;1.1;AES256
61333663633764623431373233393963383936646238303062343035313166656464636364653535
6562383366613661643237336166336635303633643337660a363762653537613536356462653666
64666631646437313836643831313936623236336436636232656431303362313731643065303063
3037666664653564340a653465303833333239366334373063303533313863626238613330386565
63326663353136633732613364356634333337366236323363643535636233636538316563383832
36333434646262343034633732623165666464353565613561663133383963633730306265363135
35613734383364393762356230653236343338366364336635363232666362373461643736303761
34333738636261306537663134306438303064343230623930616336316466343432663465333038
34353337383433633937396435323232666166303062623532393536333663643064613133326563
32386365313933626534336231636338363335303233656639333134623964346164653938303663
31393737613338383333343435396335323936616636323063323361636330343734333836396638
36366362333338653365386162363964376462313862303261333237313961303237323237393833
34616166643561343966653566316530613437643739343765313432353233333034636230326464
65393962333636346632393235353463396531653537343333326463633765653633366237633063
37323435303262356137666164393961323062363039393236656438623532363264646564663266
38623636343733336331623538643439366531356436316164626361373037623764396463656230
64346334393936646230353632643166303963636435386434356363343431663034663163333139
63316163633862653462346538356435323838303063613166616461643664643134343833656366
35373733666236643739326133353538373730323739376265323763386435373262626239373063
63363164396165653031326232366433316364376538663333396331393265613930626636323237
38346136316361353030616536613361366438376363656665343164653338643334643732336239
36303930343530636337643961356136643665613865663633653033623965653330616531306461
62663237313965396332316134623537653166623432366566383962333137643431366539396661
62353035633166636565316639626631353531316336626662386366333538303538363932326566
3566
